822.6473117483642
-723.4815112966296
1817.2688135211383
-1871.9150947650623
4580.231703841409
761.5263510003247
288.83555741915643
1536.301635278061
673.2908906845837
-70.84055658612806
350.8876188215804
3814.8972599847866
3722.7037162935985
1944.2399144270657
-1525.55473430277
3967.5581920972554
3523.5936248967128
-103.62596423316472
-52.115701637765596
345.23156062764656
3369.7604190474613
-23.76417967307998
734.191725250017
2795.932211767158
-648.6239140125756
2394.634863366182
1851.455706543366
3234.138087688517
-142.52238940483562
90.11691647762473
-1810.7191236049684
4946.517823377607
1400.5384677546726
-226.2292828827592
2981.430487880233
1750.534599092709
1359.8887817665654
4706.59636698669
2556.375311115382
4766.029691964684
3313.997914651567
795.221778710486
4482.5346524315255
4047.191095317735
4298.625197289471
-1874.0703018286267
2813.8708519061056
-346.6329679116295
-1411.4134751558495
934.891076542046
3824.111049174672
3911.991492174373
-1544.6237120781611
-1765.8217184223017
2394.2377630364126
1645.439893540512
801.1283154072171
-1121.43816616212
2088.010196922412
-1004.0588364997359
-388.6120764223092
2767.2734837114203
4914.140520384362
4188.7250255748995
4804.914193432227
3127.8501602093183
3831.3701670682667
3123.3884033532304
-1711.7811240431556
2425.84917350898
204.05791518713704
-1922.9793660172593
-1154.2057884853189
2384.6603734740074
2661.0062634613205
4039.929447990513
1913.9726760217704
3883.812703740442
4149.122581115789
-714.1317759756032
-702.8960912297439
1132.1128723564989
3406.1283501601683
1703.464742142688
-510.77519024674825
483.62179660212905
4602.894992143363
4184.111000002883
4462.646258471811
-420.08653632146525
526.1041211254051
4973.876142022489
1576.863031222846
-1838.7629153874902
3385.795870943227
-646.942411815301
3646.9459713025117
1892.1306746390987
2139.987675068386
-693.2057479548205
2190.059849794736
2893.719145228776
3129.911064359282
993.7181026124522
4441.995328384289
-1634.646134650925
1814.532367518464
4806.922406302788
4902.59731742786
3712.437224748526
-518.1089997073307
2652.5851277615648
929.710744317902
1975.1964295958564
4997.40526931792
2746.3880042367
-1744.240217123258
1074.8605239224976
-1074.3383489798496
-1253.576856736809
3249.3181391584685
4459.115803767373
1732.324550539698
403.5907886407126
-1713.9828099970814
-862.1008113113087
236.66593589086142
1116.540059881007
-1271.1125852019218
-1146.4816208424254
3042.835397953032
1828.0131949541778
4747.7135960681635
1225.7646789103592
-1670.6447474179615
2593.006321664364
3530.2316634383405
153.11754326053824
1121.445837186147
3886.4656456833854
-645.0160433919996
535.3175451472976
1009.6490789331783
4299.29206206755
1506.3939591736316
4510.513518969946
2210.840310335866
-1303.767403086361
4117.113591986365
1871.8722341888374
1894.0814479201563
1177.790220198675
2720.9362651325355
4143.964635450833
2813.888781542899
300.5901767416826
2591.5634343839756
-41.57330739233794
1507.3532287159633
3966.6946968281854
828.2535679685607
1871.3183345218863
-1380.828640400739
3192.1621092100195
4628.875522475351
2611.286754141296
2320.0085470130216
2608.7022386314948
2264.1276156854537
-1061.9302790770223
-1721.262903274306
-960.4157058138073
4933.680851619794
-174.94791076682623
3237.9556857134794
1822.0068695253995
945.7420667365714
1557.5191417041083
1924.8157530420613
4722.94656216083
516.026810986697
-1440.065202224534
-194.45154777046014
2314.0552968024604
4930.377025014058
2330.993004480014
4062.1992561682027
533.4796274746318
2857.2429254263134
-225.62137707092757
-1866.0506555725492
-1131.4668981497653
-767.9987256549987
-533.8983332804883
-1776.9845472750626
1142.9556024859016
3364.5639588985896
-1004.0549832650219
3316.4918053088177
-1713.9520994652262
3744.9811780375385
-539.0002989508171
4520.609264396671
698.274112051749
-561.2703290340812
2473.43972018537
842.7608644543652
-1091.0173269505494
1974.1245049399927
-327.3819600468714
2989.2523328574644
4146.696894657826
1228.7782491538937
3703.244367384603
273.11096879166416
1210.9824755268673
1020.2800772564106
4936.837842251997
346.3981959223843
1647.205798043255
3898.254847002573
-127.17661354575762
2185.3391011684726
1681.548098293361
2020.7080072592844
1158.573550734512
4564.2032969150205
3673.4486724315884
2977.050633836324
3514.375557140236
3155.232458679795
986.2026472292578
4993.443973691958
-460.2659032944007
-1612.9677222272533
4163.74394904341
-876.905327306137
-588.4020577727106
1282.7106146225474
3132.7008058677093
-1215.1278514606902
863.0320677572349
4681.664050633895
-176.38830729255324
3368.114606141261
1552.5312919481976
1525.277211546731
-1876.2507940637245
569.7288167994911
3999.607760517616
2256.9217401401647
-563.6998048383261
-328.31408913962014
2671.456359577305
850.5054380643401
-673.293014028746
1102.7521865543972
2558.4394471526357
-1460.5589385019687
786.778349102322
-1642.2108049421736
2672.8080890792307
4969.270407184518
-1459.265086445138
2671.2007970500918
-654.4949437088694
242.29746236709298
-1445.3418764475846
758.0925354214692
2980.0790427023867
4161.45107206021
4491.862098651193
2447.456178547068
50.66717084261063
2913.212904260883
4281.522335243843
-1863.820472786912
2602.6785600018666
-1544.1806656815952
3236.4383085126237
-309.07048820571663
-1669.7500666069043
2999.0559879619314
-1731.8793715751335
3716.9406179189145
-1536.2835393679093
3175.8343391474946
2703.4428413329497
1998.492686906699
1203.273033773498
2813.3600015751617
1006.9058850054084
-604.6537402700117
1281.6827370298497
2613.0613333979827
3356.1152049535385
552.6493893291795
-1570.683571569602
1543.5734823404937
-1494.6219023769108
2448.8224240557583
3048.9882420814893
3339.9337588728795
4703.379757342244
-1933.3323964062802
-1714.018668727902
2184.7634377333025
3605.7059978419884
4327.4443534855745
1900.3379743570472
4423.5783221424845
-1858.469453921406
-124.10890774678387
1913.9171097568596
3036.4898328365125
-1843.9068930113594
4346.169876712461
2913.903895705457
4552.41905320261
3356.6468867890117
-625.5514191585232
147.3827029860072
149.57164597519477
-360.6405072355253
-1146.670012773935
-861.7325243660832
-162.71755875616714
4268.207430233431
4746.580031634947
1498.3119347984716
859.4593966588886
614.2054297526151
-1800.4047528762326
1888.0998881927271
4798.7202335455495
-755.6286717132934
1691.7983719873741
3711.8507649347457
1292.9373162960333
74.62725603103718
-1418.363187917789
2101.548021780225
4802.268700056357
4069.396178216538
593.1049647775612
-1938.664826735993
1484.8713695773395
4582.954701099794
-1415.2981616183201
-1697.7030082454935
1953.3649655374898
1893.6607818066118
3327.4783862848954
-699.3206630816455
491.72186389704393
4781.976170087606
4998.320242633368
4459.275699490553
3213.636864897948
4146.761303491344
-332.14514881313016
4942.1414914763245
-361.4598595851028
4641.623084837787
2229.3632531047997
1786.975449766664
4250.28593267082
3144.1505851350157
-24.180828009541756
-722.5624988819341
1786.1686578225517
545.6808620741376
1386.671401296252
3279.350934284179
3280.282955041097
4867.787793461973
634.2245404374748
310.170206897179
3255.3617197924395
-1926.0047176861015
-138.52911980439399
2520.2696816495827
3921.0946001391376
3151.268835773524
4418.96069619864
2517.5433785081395
4794.546105018729
2085.6436551206443
-1022.20152658638
63.482463020907744
2809.6581037690557
3249.9051893447604
2759.088509626148
-890.6710876110135
-272.05848931425976
1458.5385434369791
-1962.849617003395
1425.0805972853136
1501.3261249166308
1526.2203805934741
3584.560700341649
3202.0568838491827
4170.757825648637
-409.06649525601733
3831.5784458245516
1481.4095678799918
-89.50307718624731
4731.332124492841
1210.7451016534546
3076.395479286336
-51.81059506790348
3520.3000199470107
-1550.5525503842955
-184.5917148625706
304.65160482555984
-887.3098573689845
3458.972748129033
-1564.308488582983
-1395.0764817060203
-1734.95686196559
-1051.9234309409612
2304.342728264355
3613.514796480761
-1671.362486072904
1962.3269355462667
333.6389086638337
2641.8840310787755
4744.525059562828
1217.481188644797
991.9016840594131
2565.0595962922
-99.73583175311273
4355.8921405353785
-1810.9556308438698
-1133.073292203109
-617.1339875920862
1109.4345340841032
3037.624620330482
-1089.9264682333924
3681.0223066282933
3800.683173614192
4055.6589786461964
1496.2059971110903
251.99127775564557
656.0677258207052
-713.3710582698741
3747.0062227884146
2574.570741583765
1040.471001687613
-934.9552779719593
3392.932348523408
3359.39105991581
-47.77216701195857
2752.6076568972903
2708.815833855002
4481.319036425003
-59.27266520186936
710.4442183740357
3580.2386155922504
436.064509173882
-1974.188866845029
2057.0640266209134
2523.5340304210595
-795.8614064604812
4208.901961957187
2389.6226613305516
914.8730835051533
3330.116103730694
-229.70837440006812
-1382.2477077868139
4210.268346221666
2793.7100580963915
2745.2565476202217
374.65013832569275
-441.56018584647427
1861.4708496181693
-236.33627545902732
4129.294965362944
1922.3595385151384
-1436.0243004213019
2823.4704904112177
3126.5947185899886
3632.9038986889173
743.1812506603574
-451.98452287711734
2628.942597259005
3199.414246274986
1758.1654596171047
4050.23791394785
3623.0932838996778
1197.0802766986499
2924.78953458638
4693.955561376187
2190.4482293380606
-1860.0699411145604
595.8654849843051
3803.0764503172886
2116.769396808083
2430.8256416807017
4463.21970414052
-1275.8930853730703
2039.0212439034626
2756.233571140233
4181.598199303227
595.56401758022
492.4675272076079
2663.6516225691303
4776.662534217608
4719.892072964252
3630.3337035885843
2523.448271328756
2505.381845709612
-1430.7759046090468
3141.2714195200033
1634.477770062685
2886.927614482367
4185.823124398773
-13.45646716732631
1884.2126817470903
2515.739336332852
4061.2776298115523
-1980.7236092560076
2119.243528435124
1005.7252977305493
2495.520261083403
-1667.6925261193294
2220.8664850371106
4995.623975757229
-52.51954536813787
-1690.916188955518
3813.0985038908566
3570.353644377732
-6.327384459414816
-176.25062998161707
-1443.1768740091852
-1278.2681578266065
4209.264621043695
2851.985836028348
3103.8884890602794
1584.2537970283302
578.1645839566236
1913.3538400809648
2998.849282080332
1137.6690713850448
-1075.5969033242473
1268.810154858878
4123.656085311886
3867.905902729026
2336.58398134436
-356.24529580721924
-318.0322373496192
1521.4423149128056
630.4158607591021
4437.394127205442
-785.1234361265849
3575.5321982570877
561.3305899231545
-1086.614539388807
3728.7045951120917
377.7432772175048
-1240.0636129568052
-1255.3457340661837
4698.145773430605
1083.0781765043012
217.54525276411277
506.96153871080196
-515.6026725384545
4535.49221327071
1597.257636467606
4281.22278546662
1578.038492571076
3102.9380842285373
1688.0777089710737
-566.237172475832
4040.2844188428408
181.1131168869665
3955.276186131032
-1103.3808975803722
3573.8585721454883
3630.8957213877547
2369.710662588008
3866.6858397970746
-193.90542712871002
4808.007410745941
522.0517911704651
3782.9236796561363
611.9967103643498
3080.7473660231435
2444.8611499768967
2725.032602814641
-356.14667011257643
-187.30608611714638
2576.2040831818804
-1995.0750311613456
3666.616319083526
4712.078264292804
4902.9762284701455
1694.0064182673127
-1175.3725060584973
2218.0870608277373
3520.3625022518854
3144.7067904660316
-1414.6138074296389
-793.3427330020895
1635.8419127249745
4223.883720729646
3819.925701606453
3754.377966773991
1431.8894451475348
1978.6457069318235
3286.9771514974245
-1001.076809480631
2181.025041441113
4801.829204239281
689.4716925559715
4277.990678035228
-419.90534356586636
854.7861969785804
4467.043929004929
3716.0279528935043
2437.6659056339004
539.3236030112121
577.0731264093029
4259.080757720011
-1390.8392070858151
1188.563865086705
-300.5913107321337
3832.906568622493
2428.8403301968983
868.1739556319931
576.3005760790697
4818.044112788047
2835.9979273869685
4244.843920477838
1569.1664544817072
-1602.1564096483492
1934.7115954952374
2888.0723487548476
977.698655504551
2541.507123972213
1862.2459311946964
124.24479419299132
2224.4305517868097
4434.003108227636
2570.687813634063
-341.3235360373883
4659.245633090914
3058.264263645895
2449.642762325044
-1378.2857146124363
3483.436739269402
2372.391842915614
4634.807180151765
-520.8248403459313
3131.781454728304
2105.634628198457
-1642.0196372985902
375.32930484694316
2383.7253221027568
1621.725102946717
2798.566455012052
948.3121508502982
4501.124022033575
3566.702891995472
-1405.1379287403631
4473.28499008884
-1189.8804471120243
-869.3380390240698
465.4148328742426
3347.8349303313926
-641.4112006393875
-1291.0831082024893
-1723.5148138570885
3437.044938058878
2588.2188449470505
4547.8805148570855
1371.1282957454896
642.33662213157
361.6358197012337
604.5081310250762
2048.6638864651886
2248.618903480322
-1819.8740207533242
-664.5384821845334
1750.28603429963
138.46213528223234
-983.6425580615218
-1536.7950384975354
1767.3131741931898
1839.9371533152894
1869.127824632736
-58.95193777320287
1143.0666908236294
3596.4451092875142
-76.47006135292622
-642.2935468477438
887.611810762739
1212.2927800344419
-1929.9540121114683
4884.252156832256
2666.5831416027913
2336.944672288987
499.944613835778
4572.387595892311
4761.063500819736
4103.816626748927
-1848.021678543623
-637.2262564183452
3324.9738324760347
4636.15231065075
2936.73886996909
555.7018101984709
2789.6743498556025
3872.956491979986
4910.150156576681
3733.704610710428
4682.47162799714
3452.1355239886852
-93.55410355529284
4206.751358430774
-1863.5339954103035
-984.0714471739201
3573.5911307399083
-24.51667806274054
-1026.3337417670875
4275.388929453557
3280.480843315082
976.4943975517835
2441.542972255099
2486.109492905006
3985.3605973765807
-1014.0290414692695
-524.8194586767916
3646.559750062045
4868.783351972902
1014.0568140938358
-1257.0669417463018
2733.3382647580793
-657.9633999383341
2322.1159324484433
3712.979751539794
-365.6819098849039
4943.333524277915
-661.3824701502815
3551.4190532585244
4131.096651096704
2629.1895737662353
-1263.3226977814415
3829.530920954823
-1683.6603894995187
1057.262297080259
-1232.6633813129129
3778.581391540225
3209.536667959297
1639.5584152900128
4617.47479761313
-814.967043076233
3056.3700159917453
-578.7267485363523
4079.794349266407
967.2694422090453
3862.323504772332
4210.6478427829625
-1815.3657975277815
3016.934207031385
3120.3395410351613
849.0955198119791
2649.41044190867
-1976.2783754642
1445.264182700068
4068.466198957366
-1948.702498728355
1731.9589274002738
924.4963767502486
-966.3143976663293
4522.3118108548715
3400.5510181159634
434.6886965763824
414.1213140469522
-496.734030593223
2154.8582950833716
-41.471470512884025
2665.8980169176157
-325.88155475806684
3429.817441351336
-936.446334658918
3139.9958257392864
1603.044934782386
2808.107055361498
3176.64174981457
3657.3428547253843
-74.885395198276
2255.4033470162567
2103.236873050072
-687.7836092599348
2973.7592773000606
46.76337436768449
3399.562344279405
4479.1490701582115
-1255.7245470055677
-436.0873170094519
-1291.0082655454326
-1693.8596764878482
-131.59155401273347
1622.7115796996495
-1979.5645184075167
2378.3518383737255
-1077.3826011817098
2063.311162161533
4997.029180599622
1731.574357618329
879.9293823567091
1002.5054115962193
-942.4158973565254
4983.624217150677
846.3413833878194
-1591.472232419852
-228.8014460136951
-1965.5527601816514
4397.536599126678
513.0311022606188
4347.101601548989
-437.9307963481158
-149.7640256371401
4023.2344244056058
3567.23266181492
-588.3462791772181
-1335.1929794199536
-1860.7904773175853
2418.2429177494023
2938.7946655083897
881.8122684859495
4017.024655650871
-67.47199684112798
425.7871154506879
4044.9801375442285
1547.9549934569095
1344.5867369725347
-1159.014171384674
4456.63637007498
2147.208101109344
1609.4291258332842
-1543.5171535784568
3848.9412397319456
1662.6108855728849
3613.932867384774
-1821.8029812484672
3635.329411720184
524.4407255477727
-960.0159913631089
875.088632060605
3831.355618567841
862.0794512052653
4809.908583983147
4520.580416503178
-1497.2958292615806
2511.409838170559
-639.8584369520659
1579.3802378258538
210.42416309806185
3628.8656454051734
4648.248998476152
4786.770132589285
1379.5067351659595
13.790880966967507
1801.3577849741487
2275.0441367286758
1816.7279813375285
-1779.7472561975933
-339.27866384793924
1903.1413970779035
747.2313862236515
-887.3026494288636
2167.580868326596
1640.642817158519
1726.6317916491785
1686.8296736749667
-1430.3368683814501
2946.1621786636188
616.4780376547401
-262.1605969133277
1805.5832191771683
3262.7828836402023
-1514.287587341705
4312.587811346637
-1853.899269409869
4029.5577054979567
1819.322119953349
830.6136017410895
-1763.3904129658247
3978.2050790482963
777.6852776941287
1300.806276648138
-905.5815253143387
948.0051515893256
3456.162025404713
-803.6607996403361
-632.6898613850819
3009.513505333708
144.29337256153894
279.9449898707121
3256.5477205777815
339.0781779530971
-522.4818778737804
994.8615971317354
-52.07413474257237
4031.2649966791496
3111.63021878327
-46.236886212060426
-1821.3577367900737
875.1593748394043
3131.2466276381074
3568.741220132544
695.6977048994149
-1946.8650687886056
-1171.6355174865018
-30.116967206266736
-166.78886018503817
-252.9597579347842
755.6416721500536
-1941.7531377023524
-1748.5348470093936
756.8799658004218
-928.6649329021398
-1168.982873346145
2039.6774184596156
4450.925971467308
4148.891397641635
3002.3713622345604
1887.4254824962136
2673.8162226981267
2223.9855733322056
1423.0781689217406
4876.32868028827
3640.566180970528
1495.3580329087285
875.0899524202609
1634.0211727499413
339.53075268940665
583.1075590899932
3484.3887821237295
2126.6334839832725
-443.7723352554883
579.1500332785822
1256.0775543932282
3243.9241117651427
-1687.454414180725
-1900.64107317857
-909.7870819188804
-1447.113346858184
3292.229735248553
2765.456381627837
1085.1068549564989
2161.0858928466423
-306.3456673145638
407.0306778409472
2976.824534703821
3540.156058310543
914.7599427218815
-19.89016444538879
-800.6564005373903
1412.823448114671
4532.647153037679
3748.5246589675635
4279.333777765745
-1596.5013109859747
-1808.3100343919043
4667.8496867255035
102.75827633964627
-1907.0926942250637
2259.146088682034
4149.017365826985
1007.4893333190289
2401.4140458065667
1446.109196700696
-1540.2485047485293
-333.1261896728324
4853.621557284064
2024.267255433852
946.7741494640868
333.6759554055957
248.50374291882372
3795.295140495614
2030.2932698780805
3212.067343345887
-425.23337150886164
-410.170351506963
-1465.416376985835
4517.325469644728
-329.69282307906315
-1213.1595065294216
1374.526652079449
2168.644938158912
-872.4302835746334
-1848.1708056978068
4917.782925723361
4039.9591621197924
-706.7189432616756
3193.6539887687168
-514.1783117777359
-1733.0923511731203
-98.52533618656912
-765.103396282565
-555.6601661800412
1275.0830355407074
-1087.1086534097792
2479.5543033115136
2164.654425892052
4955.428366809487
-1488.2212071461718
544.4573987823301
4812.4620104485175
-1232.8493392926157
3932.7865124224636
197.17729021644755
438.90524054523803
-503.2423740545653
-143.91429383363857
4413.314180402558
1211.202148333928
-56.18317366515339
-1481.9774468950088
4329.911610065236
-173.8626106505094
3939.778453166131
-1562.4573283205714
229.36872690079963
3199.527576303253
1835.6969760355878
3755.305004026981
2339.5867268365528
1418.324272070603
-1082.0743159902552
4622.831442911076
4981.202165357208
-1320.6780119029172
3127.8532885869654
2863.220532676736
-568.3729618024511
2519.4947394062083
-1027.5070931192317
252.88128786866537
2808.2344043453795
4067.7903158392755
3617.2255716771206
245.42367891770755
299.3937590351575
2316.7631032323334
3850.242715891991
3774.2727129446603
4192.178097187531
1524.7335199777394
900.2255826324681
-70.24983999574738
-1640.5673432911638
-184.78394236337363
3974.539420371092
-190.69835403939373
-823.4903718095811
1840.162596981002
-1135.2859584444252
-1313.777133256744
3239.3459711996857
1017.1219656607741
3039.2246368886135
832.6705307283128
750.6717129828348
2337.721340768615
2310.5779594492633
-133.07797700073502
-969.9916602782885
-1924.0673133825514
1424.4520434159654
-627.221451478682
-1714.268277807751
2899.3851251516526
1773.1288506073652
-239.31420858855222
563.8434421941856
3905.5479363078903
4883.702503781216
4905.575593433398
-341.7922359677407
-33.094078735828816
3373.5383566126056
-1994.388193407174
-1269.1173003912681
3475.3078176018653
-1298.8036885821166
4358.953207944438
-551.2117481855887
-874.5285047352654
-729.4678880076292
1352.3275354560656
594.3228981522834
-228.81476520976594
4268.922248106609
1895.63674059195
-647.3422257329744
4625.047696437268
37.55947410818317
-1179.0018794559614
817.3017241866528
-1846.3542411277522
782.5027622540915
1392.5512540657433
-1311.8476651826973
1944.8724589731669
39.65791332113986
45.041952942322496
2662.6111600356417
-1407.3569414426333
505.1123025518832
-215.37231175121042
640.4603763497907
256.57079264237973
634.2304683200869
-655.4802378216746
-1422.9339954036802
4010.2201240010027
798.6695197191548
-1808.9811662598893
4627.08812019389
391.3584990163122
769.9568880470529
2822.168877843934
4122.2471036469515
-1288.816697181371
-128.47915844138242
4491.6935500831305
-1078.1892008941688
666.8047750693459
-691.9456904424478
-1474.9494113370015
2763.337753411666
-367.6799465995082
-1058.1662129031902
2772.3782105406017
4423.824088518615
678.620762818985
-859.8907072062395
3464.7779249532387
3777.7724971759108
4890.626444144148
-734.078667715369
-194.18520143323394
-1791.1812760149242
-87.05490654946857
4926.696800837865
1039.2944500611438
4295.415787585566
1861.0158773217681
4230.711677166386
1487.3017693443321
2248.694956020442
3784.5917635021624
1031.0077901613786
4149.172273338543
-1768.0087531083925
2763.97616143478
3459.5869696179734
4892.491013091742
1436.634771325333
2456.7331126404515
2971.7025119055943
-1948.6023723853232
1627.4788413110132
493.6431250667524
1630.8065351059818
2375.4043736510475
804.253590539794
1547.4832927562516
4469.208007311059
1743.612171578358
2651.198250524789
-1833.23725358495
2457.7337344728394
2874.64279829152
1567.5461901113927
3578.853485443128
909.6803926535317
-1578.218771502408
-1714.700757193902
1623.0054541085865
30.086953835893382
345.75475363725764
-611.6498247960403
1773.5450398992261
-1199.1518258204533
-1695.7453295497596
1448.375720023383
-1142.8939140399343
3465.43181459708
2987.7326548665824
4988.040968919054
555.0518404688187
-456.0423422143647
1865.1911901065
2070.923460700509
1113.2959254254356
3570.133073642527
681.6067072568685
-1999.8185117054843
1856.5396926404155
3596.0376848615297
4270.31432909407
384.35952923041395
-1877.5043392927596
1958.9871089754452
1809.1046464523101
-301.15895395308326
3093.970229470983
-1153.297274967083
1557.9679278969802
1435.3228057295887
3712.7381375156056
832.7511139287749
-630.6533799339584
3989.3072222169694
-1591.0603171976836
3783.714217081325
2858.4417132518547
1586.9734481676878
-1226.709154341112
362.78984304687174
1061.5426017587956
4797.903419292449
4536.701325090702
-228.48336677242514
-1305.4658857021345
-480.988372121325
302.9447678529691
3382.0573366342915
751.6625713327303
2747.636940203054
1404.8390577423934
1516.9697748323624
-1843.6789062562138
2988.1320462362037
4022.939791691554
831.6329545931148
1491.047425677295
1756.391293688967
1318.0618383951269
-1453.5065903780446
4493.1017882469505
4360.635668834994
4784.995451483061
4162.030659014728
-995.0703454376862
944.3849065802706
334.58741396541063
-731.1549195102518
3415.48604132896
4678.91398541741
-245.08452018763046
3638.499259371496
4318.832632734238
2987.612815962514
1189.5845825152546
4947.749021373882
-1849.4027171197486
-226.4715685695105
102.23384029765884
-750.4661363741322
3940.8161541510153
-1196.0073658535086
4871.141042598322
1658.593620247524
1043.3547433429794
4682.601061763598
1676.373068333478
667.8161969482812
2767.539406744402
2208.9293254090144
2704.2288173045818
4053.419380584941
-1753.1933687678982
-1609.7642774622361
-100.2176694800155
-537.1968552576893
2632.106979536692
-72.97735702808563
2548.1323819630734
4508.412787331465
3794.4833210283523
1645.6892015110666
2858.5238912528366
2514.181338130619
2161.669569887241
-903.3681826599154
-1537.189821129763
4978.126724888881
-902.262878841256
-1624.9898051886164
-1679.222986050324
325.4077122948647
362.7462865473658
-845.9813153914565
4949.659185407038
2630.6458259259834
3661.038868641782
946.8658313311889
163.72918493117322
4686.554533825963
2102.2378693661294
3733.7866100247393
-1377.8517357237859
-1912.0848440989075
-441.7996286459629
1304.2734360335348
439.32008880212015
4885.676480544953
4402.099546717812
972.3355087969621
3911.792413463887
-1154.5489185071679
962.4899717135986
-276.04277865018526
-1940.687969402756
1417.9203039593954
215.6425907232806
3351.0494328160157
1164.9342183516083
-804.3457597061722
1773.6120781293112
3715.047952996919
3830.151033993754
4891.594501353329
3103.4329262575866
1965.938016208223
2235.802172342028
3728.9403828738577
-1865.4830529159105
3318.8444970834
318.08912945736756
1580.41843244038
-23.244511262428432
-139.55159515089554
3431.315767054696
2236.9121859650013
4381.011718663407
821.3567029919909
4775.03785072495
821.1684640402582
-173.38663531535417
3808.1680761367315
3413.1028982841253
1591.7862954074794
3717.1402922488633
-359.6525663272305
105.61964624385064
1205.9428203329644
-1893.769955021953
2682.13585215691
2412.202252942011
4926.297498065245
659.300489638782
-1101.407480168562
4605.886024427572
1268.2596450611763
185.02492002912277
4297.480938844495
-1138.0832031295454
-1811.7021200195543
1042.0684392486105
-54.92141203632559
-45.82601032417551
112.2106312379724
4042.0282084752944
1364.108493816475
1304.2875344257786
-1105.7311458871166
-871.3021536578549
4835.855609019645
-1315.4342192280633
-1816.1129283367682
-1883.2933518322754
4936.149834397004
-1824.342741649782
-344.03405105791353
4119.263613559757
2536.264795652457
2123.42185182966
3134.2979216404865
3985.1668190541795
-1505.1029076383847
4826.791948363196
4804.414502048443
99.41752884869402
3356.2595814537353
519.4592525091507
-1527.0017603345739
-720.2931469635882
3551.9397489179755
883.0293805272986
3185.475576256309
1222.726788913264
1880.5380675053539
847.8370551779481
2461.6462936262014
-980.3180077561921
1409.2237430695036
-200.07702910090552
1951.1997730689545
1669.5613542058431
2405.207120891515
-481.2742682434173
3446.7095236790037
1271.6573063517785
3462.749491643849
4219.850363365842
2921.1891475973653
-324.4986270369079
4642.695206648587
970.8228059274666
580.5365541037077
1806.811935151295
4186.629461978503
1485.054628716061
838.1841174017841
3672.2324957005694
3206.6336684103553
2880.286207269949
2630.01466299208
4173.566341605785
684.2232523215289
1412.5882628478143
592.0966646833667
333.89598888280534
138.42567754267475
3465.5554239557714
322.0320403899891
2353.4001229997284
-1556.931004452566
1186.626338694844
3236.705733317621
-928.1328460249861
3487.2199061679567
4118.525361309764
-575.0376859542594
-1082.1701685933617
1680.3298235571215
1973.6199907016157
3373.235859396672
3270.92473611431
705.009343416933
3342.546184267947
515.3909341562844
4354.514924775499
2415.4748859648025
615.7584118196496
225.03624062363633
-1690.2144933905583
2368.573405543456
727.713790267554
2129.30251303942
-19.538543674475022
-1843.0882692595858
508.2066303013971
-1522.4196033929531
-841.0316797170976
1489.9816209231885
3443.9228867495212
746.9462598827208
2610.2904240048383
-160.70873850545468
3515.5893845806713
4708.003260320179
-901.0396806034407
3427.378657347902
1482.1485193514682
4810.600953430199
-102.45789121296002
398.20213122848645
2533.189563059349
-1021.6031562995829
-1148.3486937412092
3157.768190325287
-1375.571297025484
4724.455288905825
3016.9835843316096
2118.974692001043
3048.329388772743
2917.0815784238494
3168.005566240093
-1576.4841508174386
-1126.9883451309101
3535.82384249144
3105.8874410760573
-353.6885875111868
-1192.5964019356923
3362.0712934323137
-335.0591337663009
3014.288374605345
3819.141690082808
4746.918088288611
4632.252401608049
-708.5348132568397
3444.0334712449203
3390.9540935004215
-545.6172892552811
-1803.8510363602459
1181.948582267169
2456.3893210678016
2607.933713923261
3023.681350885231
3673.8098691320565
-1688.596602518751
3857.4621724845756
49.527135332662056
3497.911373096382
-220.13598503025833
3314.650922327385
-717.3750124955475
2411.0941855981528
4936.540826823496
1246.826892122131
2227.781684878356
1691.3646146929545
-751.3106419185381
960.84408398595
4498.509386655916
-86.65301320052163
1219.3696360942663
1810.033407606083
3398.075528833102
1006.5151598398606
1636.107667659648
-562.6553772793422
4956.647086759892
808.4514218225531
-929.5040569951791
776.9904598640778
1376.2824174255811
531.4401442311655
2410.07945993226
2089.831835901832
393.1403552260972
3610.5014361897647
-1066.6433938643688
404.41981851714536
-1282.3591777975762
3294.5325544568213
4761.972784015735
-823.9572414964605
2458.4312282543633
1079.5226552721738
3441.1750237210463
-1239.6932743440916
3274.878886591603
-1336.1349218724245
-89.66239704849477
-1574.296572610678
3935.4280217883907
530.5958125889656
3229.8603116757185
2101.3053017736993
1985.5242351550578
529.9394121466539
128.98569987266274
-1128.8484031720122
-651.0700544579222
4947.850224963114
3731.07035191214
386.07106405710147
-99.87960920332853
2502.2913604557352
1698.591710906609
-1133.3804779978905
-646.935093317097
2508.79682443423
2519.6574548374774
1217.4847015855698
1213.0680287924447
100.41936664843115
1731.03727529236
4964.144201651397
4033.46260447839
-125.53076017460057
3539.7148844543053
2256.7419174979186
-192.19109464583744
669.5049873865605
-1434.284687521906
3064.0759392383643
10.880036498648224
3350.841759862158
2283.4427291830934
902.2725960582543
-421.92821517125844
-498.60438813029737
-1812.9869733365595
2008.1512056187075
-1017.0018723331361
776.9926185863178
3747.054339612707
1776.4604017405668
2536.899611404303
391.3161079010574
1862.1935170256115
2533.101966455438
4091.107802294183
-1254.517261185581
3737.936653044433
-1686.8673081692893
2475.1760498816593
-389.21972650517796
948.8933945504141
-1747.2323861786333
2248.4068702481572
3510.415818834368
-1142.709940868755
4488.787207953291
2681.3698590713248
1027.1684094896555
-428.5438727549497
-1913.3214118607982
-1683.3774469311256
3688.6517234822877
1232.4608657074791
4490.525062943721
984.2166305344531
-1149.557325575603
3615.320548662239
-1696.918362849462
3767.681594876669
609.6398471040861
823.1883161720957
4863.660400027795
-869.9435916181271
-762.5336193215737
238.68033995775704
2094.3744942113985
-782.8553907222281
919.3419583027817
1875.9836506161632
4431.972224866075
4256.545523306158
-265.6027236431646
2850.6366845763378
4352.919035986521
3966.1255118764384
-206.28656339917006
2850.859876351663
33.57071712584343
-1025.5378525118701
1287.6229016231869
255.06141825587792
1065.2015884591178
2438.412637445871
-1132.7898317062732
894.6325041976829
865.3438872163538
-1680.6771916826424
3303.7087419628388
409.3884403494476
492.3089719417635
4149.511400439238
-268.20659836167397
-1314.9927436761823
4978.955580998509
-1415.4688070396783
3988.823877065466
3997.5538905529593
1054.689110467299
4594.327131901608
-388.10387428643094
219.67693170720804
-1778.6388325086896
2797.775282172319
1948.1177162832741
3766.302283343285
589.1661000970062
1190.2074820775401
3570.8246812568113
4874.642026843314
2662.812590389023
1352.3928415351734
3775.5126758157185
2324.0790520606197
-1603.8240983322921
3162.0610920747604
-645.9386938699386
3805.9790188509714
305.31844040856595
-1944.574988544609
2114.3837287199876
851.7265384776883
2245.193856366617
4006.273644962783
3724.937725088903
-1480.7304995479067
614.530885743261
-1395.9259917581303
2419.592864295928
3924.203201786744
-1743.6778806440363
-1079.8606964814871
3898.147207592525
180.9133959637261
4168.024856872149
-747.7133927018049
3401.3472496280783
3392.544178082325
4326.004611205824
-1666.4751622489857
4426.565985638588
4995.542837796997
1462.9417923875653
1179.1806202920934
-1118.650087855559
4025.283329349152
514.8398249819188
4429.487735123511
-353.1492226414571
-1276.244500494779
675.9637071686248
821.0327516310344
541.7114752043226
1358.5530876408939
565.4594538252395
3290.564605677582
1539.2816915810959
3164.3864161166866
2918.588272787354
-821.4518768036551
-1202.908182271036
-1045.9168799217255
-1531.558857138195
-942.5493987170714
2607.320127573007
4175.538495954155
-719.327816057053
4861.128548813221
4770.541180814484
14.315424203840394
1744.2263030610457
-763.2132650876381
132.34974562143634
1558.5867388136448
2705.213031424314
379.8598995630532
3103.507766948628
1053.8551582377722
859.0069620937743
2044.7761842438586
-90.93170272526004
2879.379754718683
3487.3373204748586
3950.935276337026
4080.482032773677
3076.475598082987
-1057.442559863765
3423.3453702539673
3317.001467995764
2050.8528158116615
4940.464489981202
3821.2353216646025
298.74623348485966
1456.8950131560846
3725.972374430171
1115.5717817235072
4333.6051128847785
-748.724955328754
3522.613580432557
-1122.2180821707184
-1136.3028228181233
1476.5474515227934
4367.28515946126
2937.094597090175
3844.4262559151466
1502.3458582365706
3465.823918540331
3052.7859253024208
840.21184249822
3212.561210551532
-417.0672403386543
-869.7721680557686
1355.7897027254462
981.362488316207
3701.656727235022
-1213.9936962571555
4440.523765671835
-770.8305651952323
-1746.963575906794
437.49607946482047
2965.482358495252
-108.32405951261421
1625.747933694574
1556.1406958983284
-1820.91968023162
2270.7658350708098
-581.5325585787875
281.3092863870643
2196.8994410910336
-1534.3460733425668
3994.3780931940846
242.96455588635854
2974.847279752783
2905.829500869152
2337.665847850639
1186.496266719027
4052.126089169097
4424.369958485142
1996.0326742126854
1831.939684501216
-68.46716987116451
3820.933521416119
1021.1821129580399
2332.417307353501
3389.419337733005
4968.23687616371
2290.9165885789507
4723.0089922544785
2276.1955834502915
-785.9418983221167
3411.90851655201
871.3712390063984
-1519.4391162574045
-1877.1946963854182
4561.395325471605
-344.7029510556349
-313.29097280647125
486.42805174996465
-1871.0289762023124
-1599.9807436729484
3353.549630134993
13.943061969061318
-133.66993262083156
1009.4355873939153
1988.5501486931435
1182.089547089156
3443.2498842121868
-1279.458565693067
3276.102709770612
2396.6158759248374
2842.2747137398464
999.2320076855731
4951.3784492969235
-125.55046784071692
-1097.503628249858
-1221.753287635769
2485.4320479641538
3511.4880647115624
-455.4945239286444
14.399684453696864
3665.8785736182836
-1551.0069699048058
3774.0163428275664
4412.354118623025
19.767407738384918
-906.4373343664552
2470.85029230916
2126.0695317223244
-1268.668956041497
-18.601137527142782
1222.887977349148
-693.3366540927555
4257.094280312287
4107.07743929892
61.28700307868985
-483.19957169377903
-1765.6169780747534
4160.2721188797495
3893.682971427452
276.83563336605675
2516.573862022805
2530.8774040468497
2716.280301785411
-653.1913637346265
-750.5140657474087
-46.28825794322347
-1686.3394191323507
4781.00061400985
-171.88490303222557
4268.483217155642
4126.823845699183
1318.1338675850361
4341.4693292998945
-1031.0672321506045
4285.400915632718
2290.411385925081
4725.567851961523
-1992.9286956765081
459.1588437683713
3948.460619103621
4300.719939551366
704.1609077363346
4186.850378685037
-1093.1372105557216
2669.005482006579
3599.588445018915
1687.1363949592446
316.31529933406
91.43422135832134
-357.98020451545017
2846.7429895620326
-636.4046954982866
1451.564131788874
2294.2150984165946
-884.8086014661726
2789.3550030355445
-1256.5862876755689
-1116.372613844665
4413.370433927755
4296.400437070093
3696.3109429546994
885.4006469022629
1884.9005776222139
4997.469865341004
3667.871216805632
3772.623028553703
2384.668178088459
-1578.35212940786
1298.6062700520279
4610.686041405844
-1991.9116826685536
1062.4147991431469
627.7173163871889
-1291.6591872731385
3717.5845963048114
-1992.0471931483976
4419.431188275372
4367.534052764808
-1780.5472977152333
1845.6919738497336
-1657.2046277282145
3097.351391606736
4684.705717449292
3778.2023640377856
385.1472212890408
1574.3853775423509
691.6790534637876
3726.4005172137386
2460.534151362671
3142.5878262482984
-1103.9000167077395
1128.6590913697228
-1400.8408971186054
4750.16033311581
3406.010376465716
170.77391172997977
-627.5131833295561
-1080.7237544010732
1654.3563029680895
4301.861146036901
4320.946718413978
3636.4227736838966
3721.2429076672697
2105.122766847344
107.22421428404368
1936.8896344159457
-439.2211950223814
2900.0378698254917
3917.9380307453685
-1563.5716910589324
3434.1150751720897
-146.09755243903692
280.0530229267538
2136.342984718435
2040.713500978702
-124.24109697272092
3945.6883542826517
2495.2710058266066
4374.060303658024
4154.62360571194
830.0253944861902
2021.6485937770385
2205.9684373288646
2886.536042386808
161.8382512269327
1495.3525847970936
2325.2909890738783
4511.32493809676
-1975.2899221556108
375.25156942009016
-777.6969819815927
650.0965543786451
-670.6845341801295
991.3882388757793
2819.181933985381
-101.6734172075478
-36.805998670170766
-1243.7376040405634
-1900.0498910335182
-312.9538403569318
1414.2522840385473
1859.1707399946508
89.92427245850558
-424.01647004630195
2557.781750568376
730.8063607439344
2575.141548374263
2587.642016648054
-1465.9143357539765
3982.310037972501
2236.4161412714093
-1469.8438453636577
-275.13625755277326
